GPIB1::10::INSTR
List Sweep
Sweep_type: LIST   
Abort_on_compliance: TRUE 

Autorange: yes   
Man/SelectedRange: 100mV   
EnableDigitalFilter: no  
FilterType: Moving   
FilterCount 10.00000   
FilterWindow(Percent): 1.00000E-2   
EnableAnalogFilter: no    
NPLCs: 2.000000

Internal_Temperature_K2128A_[°C]: 34.21  
TCAL_K2128A_[°C]: 30.38











Current Voltage Power Resistance SourceDelay VoltageLimit
A V W Ohm s V

0.000000E+0 5.773826E-6 0.000000E+0 0.000000E+0 5.000000E+0 1.000000E+1
0.000000E+0 5.801750E-6 0.000000E+0 0.000000E+0 1.000000E+0 1.000000E+1
1.000000E-7 8.033409E-6 8.033409E-13 8.033409E+1 1.000000E-2 1.000000E+1
2.000000E-7 1.032272E-5 2.064544E-12 5.161360E+1 1.000000E-2 1.000000E+1
3.000000E-7 1.256343E-5 3.769028E-12 4.187809E+1 1.000000E-2 1.000000E+1
4.000000E-7 1.482120E-5 5.928480E-12 3.705300E+1 1.000000E-2 1.000000E+1
5.000000E-7 1.705053E-5 8.525265E-12 3.410106E+1 1.000000E-2 1.000000E+1
6.000000E-7 1.925918E-5 1.155551E-11 3.209863E+1 1.000000E-2 1.000000E+1
7.000000E-7 2.153272E-5 1.507290E-11 3.076103E+1 1.000000E-2 1.000000E+1
8.000000E-7 2.379876E-5 1.903901E-11 2.974846E+1 1.000000E-2 1.000000E+1
9.000000E-7 2.603378E-5 2.343041E-11 2.892643E+1 1.000000E-2 1.000000E+1
1.000000E-6 2.829492E-5 2.829492E-11 2.829492E+1 1.000000E-2 1.000000E+1
1.100000E-6 3.055553E-5 3.361108E-11 2.777775E+1 1.000000E-2 1.000000E+1
1.200000E-6 3.276030E-5 3.931236E-11 2.730025E+1 1.000000E-2 1.000000E+1
1.300000E-6 3.500566E-5 4.550736E-11 2.692743E+1 1.000000E-2 1.000000E+1
1.400000E-6 3.729497E-5 5.221296E-11 2.663927E+1 1.000000E-2 1.000000E+1
1.500000E-6 3.948863E-5 5.923294E-11 2.632575E+1 1.000000E-2 1.000000E+1
1.600000E-6 4.175002E-5 6.680003E-11 2.609376E+1 1.000000E-2 1.000000E+1
1.700000E-6 4.394238E-5 7.470205E-11 2.584846E+1 1.000000E-2 1.000000E+1
1.800000E-6 4.623531E-5 8.322356E-11 2.568628E+1 1.000000E-2 1.000000E+1
1.900000E-6 4.849437E-5 9.213931E-11 2.552335E+1 1.000000E-2 1.000000E+1
2.000000E-6 5.074387E-5 1.014877E-10 2.537194E+1 1.000000E-2 1.000000E+1
2.100000E-6 5.297837E-5 1.112546E-10 2.522780E+1 1.000000E-2 1.000000E+1
2.200000E-6 5.524985E-5 1.215497E-10 2.511357E+1 1.000000E-2 1.000000E+1
2.300000E-6 5.745617E-5 1.321492E-10 2.498094E+1 1.000000E-2 1.000000E+1
2.400000E-6 5.975582E-5 1.434140E-10 2.489826E+1 1.000000E-2 1.000000E+1
2.500000E-6 6.195749E-5 1.548937E-10 2.478300E+1 1.000000E-2 1.000000E+1
2.600000E-6 6.425068E-5 1.670518E-10 2.471180E+1 1.000000E-2 1.000000E+1
2.700000E-6 6.645726E-5 1.794346E-10 2.461380E+1 1.000000E-2 1.000000E+1
2.800000E-6 6.871555E-5 1.924035E-10 2.454127E+1 1.000000E-2 1.000000E+1
2.900000E-6 7.094850E-5 2.057506E-10 2.446500E+1 1.000000E-2 1.000000E+1
3.000000E-6 7.318895E-5 2.195668E-10 2.439632E+1 1.000000E-2 1.000000E+1
3.100000E-6 7.542345E-5 2.338127E-10 2.433014E+1 1.000000E-2 1.000000E+1
3.200000E-6 7.769027E-5 2.486089E-10 2.427821E+1 1.000000E-2 1.000000E+1
3.300000E-6 7.993537E-5 2.637867E-10 2.422284E+1 1.000000E-2 1.000000E+1
3.400000E-6 8.218745E-5 2.794373E-10 2.417278E+1 1.000000E-2 1.000000E+1
3.500000E-6 8.441963E-5 2.954687E-10 2.411989E+1 1.000000E-2 1.000000E+1
3.600000E-6 8.666628E-5 3.119986E-10 2.407397E+1 1.000000E-2 1.000000E+1
3.700000E-6 8.891681E-5 3.289922E-10 2.403157E+1 1.000000E-2 1.000000E+1
3.800000E-6 9.118208E-5 3.464919E-10 2.399528E+1 1.000000E-2 1.000000E+1
3.900000E-6 9.339716E-5 3.642489E-10 2.394799E+1 1.000000E-2 1.000000E+1
4.000000E-6 9.566191E-5 3.826476E-10 2.391548E+1 1.000000E-2 1.000000E+1
4.100000E-6 9.790494E-5 4.014103E-10 2.387925E+1 1.000000E-2 1.000000E+1
4.200000E-6 1.001961E-4 4.208235E-10 2.385621E+1 1.000000E-2 1.000000E+1
4.300000E-6 1.023990E-4 4.403158E-10 2.381373E+1 1.000000E-2 1.000000E+1
4.400000E-6 1.046232E-4 4.603420E-10 2.377800E+1 1.000000E-2 1.000000E+1
4.500000E-6 1.068851E-4 4.809829E-10 2.375224E+1 1.000000E-2 1.000000E+1
4.600000E-6 1.091067E-4 5.018907E-10 2.371884E+1 1.000000E-2 1.000000E+1
4.700000E-6 1.113365E-4 5.232816E-10 2.368862E+1 1.000000E-2 1.000000E+1
4.800000E-6 1.136069E-4 5.453134E-10 2.366811E+1 1.000000E-2 1.000000E+1
4.900000E-6 1.158440E-4 5.676358E-10 2.364164E+1 1.000000E-2 1.000000E+1
5.000000E-6 1.181028E-4 5.905142E-10 2.362057E+1 1.000000E-2 1.000000E+1
5.100000E-6 1.203495E-4 6.137824E-10 2.359794E+1 1.000000E-2 1.000000E+1
5.200000E-6 1.225615E-4 6.373198E-10 2.356952E+1 1.000000E-2 1.000000E+1
5.300000E-6 1.248169E-4 6.615298E-10 2.355037E+1 1.000000E-2 1.000000E+1
5.400000E-6 1.270920E-4 6.862970E-10 2.353556E+1 1.000000E-2 1.000000E+1
5.500000E-6 1.293110E-4 7.112106E-10 2.351110E+1 1.000000E-2 1.000000E+1
5.600000E-6 1.315949E-4 7.369315E-10 2.349909E+1 1.000000E-2 1.000000E+1
5.700000E-6 1.338110E-4 7.627230E-10 2.347562E+1 1.000000E-2 1.000000E+1
5.800000E-6 1.360238E-4 7.889382E-10 2.345239E+1 1.000000E-2 1.000000E+1
5.900000E-6 1.383225E-4 8.161025E-10 2.344448E+1 1.000000E-2 1.000000E+1
6.000000E-6 1.405526E-4 8.433153E-10 2.342543E+1 1.000000E-2 1.000000E+1
6.100000E-6 1.428077E-4 8.711272E-10 2.341111E+1 1.000000E-2 1.000000E+1
6.200000E-6 1.450482E-4 8.992988E-10 2.339487E+1 1.000000E-2 1.000000E+1
6.300000E-6 1.473207E-4 9.281204E-10 2.338424E+1 1.000000E-2 1.000000E+1
6.400000E-6 1.495203E-4 9.569299E-10 2.336255E+1 1.000000E-2 1.000000E+1
6.500000E-6 1.517822E-4 9.865843E-10 2.335111E+1 1.000000E-2 1.000000E+1
6.600000E-6 1.540446E-4 1.016694E-9 2.334009E+1 1.000000E-2 1.000000E+1
6.700000E-6 1.563357E-4 1.047449E-9 2.333369E+1 1.000000E-2 1.000000E+1
6.800000E-6 1.585082E-4 1.077856E-9 2.331003E+1 1.000000E-2 1.000000E+1
6.900000E-6 1.607830E-4 1.109403E-9 2.330189E+1 1.000000E-2 1.000000E+1
7.000000E-6 1.630180E-4 1.141126E-9 2.328829E+1 1.000000E-2 1.000000E+1
7.100000E-6 1.652874E-4 1.173541E-9 2.327992E+1 1.000000E-2 1.000000E+1
7.200000E-6 1.675450E-4 1.206324E-9 2.327013E+1 1.000000E-2 1.000000E+1
7.300000E-6 1.697725E-4 1.239339E-9 2.325650E+1 1.000000E-2 1.000000E+1
7.400000E-6 1.720021E-4 1.272815E-9 2.324352E+1 1.000000E-2 1.000000E+1
7.500000E-6 1.742694E-4 1.307021E-9 2.323592E+1 1.000000E-2 1.000000E+1
7.600000E-6 1.765155E-4 1.341518E-9 2.322573E+1 1.000000E-2 1.000000E+1
7.700000E-6 1.788077E-4 1.376819E-9 2.322178E+1 1.000000E-2 1.000000E+1
7.800000E-6 1.809871E-4 1.411700E-9 2.320348E+1 1.000000E-2 1.000000E+1
7.900000E-6 1.832684E-4 1.447821E-9 2.319853E+1 1.000000E-2 1.000000E+1
8.000000E-6 1.855311E-4 1.484249E-9 2.319139E+1 1.000000E-2 1.000000E+1
8.100000E-6 1.877330E-4 1.520637E-9 2.317692E+1 1.000000E-2 1.000000E+1
8.200000E-6 1.900355E-4 1.558291E-9 2.317506E+1 1.000000E-2 1.000000E+1
8.300000E-6 1.922695E-4 1.595837E-9 2.316500E+1 1.000000E-2 1.000000E+1
8.400000E-6 1.944608E-4 1.633471E-9 2.315010E+1 1.000000E-2 1.000000E+1
8.500000E-6 1.967295E-4 1.672200E-9 2.314464E+1 1.000000E-2 1.000000E+1
8.600000E-6 1.989973E-4 1.711377E-9 2.313922E+1 1.000000E-2 1.000000E+1
8.700000E-6 2.012409E-4 1.750795E-9 2.313113E+1 1.000000E-2 1.000000E+1
8.800000E-6 2.034798E-4 1.790622E-9 2.312270E+1 1.000000E-2 1.000000E+1
8.900000E-6 2.057106E-4 1.830825E-9 2.311355E+1 1.000000E-2 1.000000E+1
9.000000E-6 2.079958E-4 1.871962E-9 2.311065E+1 1.000000E-2 1.000000E+1
9.100000E-6 2.102205E-4 1.913006E-9 2.310115E+1 1.000000E-2 1.000000E+1
9.200000E-6 2.124904E-4 1.954912E-9 2.309678E+1 1.000000E-2 1.000000E+1
9.300000E-6 2.147337E-4 1.997023E-9 2.308964E+1 1.000000E-2 1.000000E+1
9.400000E-6 2.169610E-4 2.039433E-9 2.308095E+1 1.000000E-2 1.000000E+1
9.500000E-6 2.192304E-4 2.082688E-9 2.307688E+1 1.000000E-2 1.000000E+1
9.600000E-6 2.214716E-4 2.126127E-9 2.306996E+1 1.000000E-2 1.000000E+1
9.700000E-6 2.236637E-4 2.169538E-9 2.305811E+1 1.000000E-2 1.000000E+1
9.800000E-6 2.259835E-4 2.214638E-9 2.305954E+1 1.000000E-2 1.000000E+1
9.900000E-6 2.281753E-4 2.258936E-9 2.304801E+1 1.000000E-2 1.000000E+1
1.000000E-5 2.304970E-4 2.304970E-9 2.304970E+1 1.000000E-2 1.000000E+1
9.000000E-6 2.079847E-4 1.871862E-9 2.310941E+1 1.000000E-2 1.000000E+1
8.000000E-6 1.855254E-4 1.484203E-9 2.319068E+1 1.000000E-2 1.000000E+1
7.000000E-6 1.630586E-4 1.141410E-9 2.329409E+1 1.000000E-2 1.000000E+1
6.000000E-6 1.406110E-4 8.436659E-10 2.343516E+1 1.000000E-2 1.000000E+1
5.000000E-6 1.181654E-4 5.908270E-10 2.363308E+1 1.000000E-2 1.000000E+1
4.000000E-6 9.567587E-5 3.827035E-10 2.391897E+1 1.000000E-2 1.000000E+1
3.000000E-6 7.320883E-5 2.196265E-10 2.440294E+1 1.000000E-2 1.000000E+1
2.000000E-6 5.085502E-5 1.017100E-10 2.542751E+1 1.000000E-2 1.000000E+1
1.000000E-6 2.832541E-5 2.832541E-11 2.832541E+1 1.000000E-2 1.000000E+1
0.000000E+0 5.835358E-6 0.000000E+0 0.000000E+0 1.000000E-2 1.000000E+1
