GPIB1::10::INSTR
List Sweep
Sweep_type: LIST   
Abort_on_compliance: TRUE 

Autorange: yes   
Man/SelectedRange: 100mV   
EnableDigitalFilter: no  
FilterType: Moving   
FilterCount 10.00000   
FilterWindow(Percent): 1.00000E-2   
EnableAnalogFilter: no    
NPLCs: 2.000000

Internal_Temperature_K2128A_[°C]: 35.17  
TCAL_K2128A_[°C]: 30.38











Current Voltage Power Resistance SourceDelay VoltageLimit
A V W Ohm s V

0.000000E+0 -1.211985E-6 -0.000000E+0 0.000000E+0 5.000000E+0 1.000000E+1
0.000000E+0 -1.195180E-6 -0.000000E+0 0.000000E+0 1.000000E+0 1.000000E+1
1.000000E-7 2.957612E-7 2.957612E-14 2.957612E+0 1.000000E-2 1.000000E+1
2.000000E-7 1.804546E-6 3.609091E-13 9.022728E+0 1.000000E-2 1.000000E+1
3.000000E-7 3.344354E-6 1.003306E-12 1.114785E+1 1.000000E-2 1.000000E+1
4.000000E-7 4.834782E-6 1.933913E-12 1.208696E+1 1.000000E-2 1.000000E+1
5.000000E-7 6.368385E-6 3.184193E-12 1.273677E+1 1.000000E-2 1.000000E+1
6.000000E-7 7.883375E-6 4.730025E-12 1.313896E+1 1.000000E-2 1.000000E+1
7.000000E-7 9.392676E-6 6.574873E-12 1.341811E+1 1.000000E-2 1.000000E+1
8.000000E-7 1.090224E-5 8.721789E-12 1.362779E+1 1.000000E-2 1.000000E+1
9.000000E-7 1.243274E-5 1.118946E-11 1.381415E+1 1.000000E-2 1.000000E+1
1.000000E-6 1.392523E-5 1.392523E-11 1.392523E+1 1.000000E-2 1.000000E+1
1.100000E-6 1.546892E-5 1.701581E-11 1.406265E+1 1.000000E-2 1.000000E+1
1.200000E-6 1.696426E-5 2.035711E-11 1.413688E+1 1.000000E-2 1.000000E+1
1.300000E-6 1.848985E-5 2.403680E-11 1.422296E+1 1.000000E-2 1.000000E+1
1.400000E-6 1.999708E-5 2.799591E-11 1.428363E+1 1.000000E-2 1.000000E+1
1.500000E-6 2.152422E-5 3.228633E-11 1.434948E+1 1.000000E-2 1.000000E+1
1.600000E-6 2.303301E-5 3.685281E-11 1.439563E+1 1.000000E-2 1.000000E+1
1.700000E-6 2.454205E-5 4.172148E-11 1.443650E+1 1.000000E-2 1.000000E+1
1.800000E-6 2.605549E-5 4.689988E-11 1.447527E+1 1.000000E-2 1.000000E+1
1.900000E-6 2.759943E-5 5.243892E-11 1.452602E+1 1.000000E-2 1.000000E+1
2.000000E-6 2.909400E-5 5.818799E-11 1.454700E+1 1.000000E-2 1.000000E+1
2.100000E-6 3.059864E-5 6.425715E-11 1.457078E+1 1.000000E-2 1.000000E+1
2.200000E-6 3.212914E-5 7.068412E-11 1.460416E+1 1.000000E-2 1.000000E+1
2.300000E-6 3.362914E-5 7.734702E-11 1.462136E+1 1.000000E-2 1.000000E+1
2.400000E-6 3.515757E-5 8.437817E-11 1.464899E+1 1.000000E-2 1.000000E+1
2.500000E-6 3.667359E-5 9.168399E-11 1.466944E+1 1.000000E-2 1.000000E+1
2.600000E-6 3.817824E-5 9.926343E-11 1.468394E+1 1.000000E-2 1.000000E+1
2.700000E-6 3.969995E-5 1.071899E-10 1.470369E+1 1.000000E-2 1.000000E+1
2.800000E-6 4.121236E-5 1.153946E-10 1.471870E+1 1.000000E-2 1.000000E+1
2.900000E-6 4.269063E-5 1.238028E-10 1.472091E+1 1.000000E-2 1.000000E+1
3.000000E-6 4.424466E-5 1.327340E-10 1.474822E+1 1.000000E-2 1.000000E+1
3.100000E-6 4.575396E-5 1.418373E-10 1.475934E+1 1.000000E-2 1.000000E+1
3.200000E-6 4.726843E-5 1.512590E-10 1.477139E+1 1.000000E-2 1.000000E+1
3.300000E-6 4.876222E-5 1.609153E-10 1.477643E+1 1.000000E-2 1.000000E+1
3.400000E-6 5.029893E-5 1.710164E-10 1.479380E+1 1.000000E-2 1.000000E+1
3.500000E-6 5.179815E-5 1.812935E-10 1.479947E+1 1.000000E-2 1.000000E+1
3.600000E-6 5.330641E-5 1.919031E-10 1.480734E+1 1.000000E-2 1.000000E+1
3.700000E-6 5.481856E-5 2.028287E-10 1.481583E+1 1.000000E-2 1.000000E+1
3.800000E-6 5.633898E-5 2.140881E-10 1.482605E+1 1.000000E-2 1.000000E+1
3.900000E-6 5.786560E-5 2.256758E-10 1.483733E+1 1.000000E-2 1.000000E+1
4.000000E-6 5.936844E-5 2.374738E-10 1.484211E+1 1.000000E-2 1.000000E+1
4.100000E-6 6.085732E-5 2.495150E-10 1.484325E+1 1.000000E-2 1.000000E+1
4.200000E-6 6.240333E-5 2.620940E-10 1.485794E+1 1.000000E-2 1.000000E+1
4.300000E-6 6.389582E-5 2.747520E-10 1.485949E+1 1.000000E-2 1.000000E+1
4.400000E-6 6.541883E-5 2.878428E-10 1.486792E+1 1.000000E-2 1.000000E+1
4.500000E-6 6.692632E-5 3.011684E-10 1.487252E+1 1.000000E-2 1.000000E+1
4.600000E-6 6.846044E-5 3.149180E-10 1.488270E+1 1.000000E-2 1.000000E+1
4.700000E-6 6.996224E-5 3.288225E-10 1.488558E+1 1.000000E-2 1.000000E+1
4.800000E-6 7.147568E-5 3.430833E-10 1.489077E+1 1.000000E-2 1.000000E+1
4.900000E-6 7.299196E-5 3.576606E-10 1.489632E+1 1.000000E-2 1.000000E+1
5.000000E-6 7.449764E-5 3.724882E-10 1.489953E+1 1.000000E-2 1.000000E+1
5.100000E-6 7.602401E-5 3.877224E-10 1.490667E+1 1.000000E-2 1.000000E+1
5.200000E-6 7.754339E-5 4.032256E-10 1.491219E+1 1.000000E-2 1.000000E+1
5.300000E-6 7.906562E-5 4.190478E-10 1.491804E+1 1.000000E-2 1.000000E+1
5.400000E-6 8.055320E-5 4.349873E-10 1.491726E+1 1.000000E-2 1.000000E+1
5.500000E-6 8.207931E-5 4.514362E-10 1.492351E+1 1.000000E-2 1.000000E+1
5.600000E-6 8.358008E-5 4.680484E-10 1.492501E+1 1.000000E-2 1.000000E+1
5.700000E-6 8.511549E-5 4.851583E-10 1.493254E+1 1.000000E-2 1.000000E+1
5.800000E-6 8.662428E-5 5.024208E-10 1.493522E+1 1.000000E-2 1.000000E+1
5.900000E-6 8.814211E-5 5.200384E-10 1.493934E+1 1.000000E-2 1.000000E+1
6.000000E-6 8.965580E-5 5.379348E-10 1.494263E+1 1.000000E-2 1.000000E+1
6.100000E-6 9.117028E-5 5.561387E-10 1.494595E+1 1.000000E-2 1.000000E+1
6.200000E-6 9.269095E-5 5.746839E-10 1.495015E+1 1.000000E-2 1.000000E+1
6.300000E-6 9.418707E-5 5.933785E-10 1.495033E+1 1.000000E-2 1.000000E+1
6.400000E-6 9.569689E-5 6.124601E-10 1.495264E+1 1.000000E-2 1.000000E+1
6.500000E-6 9.722661E-5 6.319730E-10 1.495794E+1 1.000000E-2 1.000000E+1
6.600000E-6 9.874134E-5 6.516929E-10 1.496081E+1 1.000000E-2 1.000000E+1
6.700000E-6 1.002416E-4 6.716187E-10 1.496143E+1 1.000000E-2 1.000000E+1
6.800000E-6 1.017532E-4 6.919219E-10 1.496371E+1 1.000000E-2 1.000000E+1
6.900000E-6 1.032817E-4 7.126434E-10 1.496836E+1 1.000000E-2 1.000000E+1
7.000000E-6 1.047935E-4 7.335548E-10 1.497051E+1 1.000000E-2 1.000000E+1
7.100000E-6 1.063153E-4 7.548383E-10 1.497398E+1 1.000000E-2 1.000000E+1
7.200000E-6 1.078140E-4 7.762605E-10 1.497416E+1 1.000000E-2 1.000000E+1
7.300000E-6 1.093256E-4 7.980767E-10 1.497611E+1 1.000000E-2 1.000000E+1
7.400000E-6 1.108504E-4 8.202929E-10 1.497978E+1 1.000000E-2 1.000000E+1
7.500000E-6 1.123390E-4 8.425426E-10 1.497853E+1 1.000000E-2 1.000000E+1
7.600000E-6 1.138664E-4 8.653847E-10 1.498242E+1 1.000000E-2 1.000000E+1
7.700000E-6 1.153690E-4 8.883412E-10 1.498299E+1 1.000000E-2 1.000000E+1
7.800000E-6 1.168801E-4 9.116648E-10 1.498463E+1 1.000000E-2 1.000000E+1
7.900000E-6 1.184052E-4 9.354008E-10 1.498800E+1 1.000000E-2 1.000000E+1
8.000000E-6 1.199000E-4 9.591999E-10 1.498750E+1 1.000000E-2 1.000000E+1
8.100000E-6 1.214527E-4 9.837671E-10 1.499416E+1 1.000000E-2 1.000000E+1
8.200000E-6 1.229553E-4 1.008234E-9 1.499455E+1 1.000000E-2 1.000000E+1
8.300000E-6 1.244675E-4 1.033080E-9 1.499608E+1 1.000000E-2 1.000000E+1
8.400000E-6 1.259532E-4 1.058007E-9 1.499443E+1 1.000000E-2 1.000000E+1
8.500000E-6 1.274861E-4 1.083631E-9 1.499836E+1 1.000000E-2 1.000000E+1
8.600000E-6 1.290008E-4 1.109407E-9 1.500009E+1 1.000000E-2 1.000000E+1
8.700000E-6 1.305176E-4 1.135503E-9 1.500202E+1 1.000000E-2 1.000000E+1
8.800000E-6 1.320326E-4 1.161887E-9 1.500370E+1 1.000000E-2 1.000000E+1
8.900000E-6 1.335545E-4 1.188635E-9 1.500613E+1 1.000000E-2 1.000000E+1
9.000000E-6 1.350695E-4 1.215626E-9 1.500773E+1 1.000000E-2 1.000000E+1
9.100000E-6 1.365698E-4 1.242785E-9 1.500767E+1 1.000000E-2 1.000000E+1
9.200000E-6 1.381023E-4 1.270542E-9 1.501112E+1 1.000000E-2 1.000000E+1
9.300000E-6 1.396018E-4 1.298297E-9 1.501095E+1 1.000000E-2 1.000000E+1
9.400000E-6 1.411300E-4 1.326622E-9 1.501383E+1 1.000000E-2 1.000000E+1
9.500000E-6 1.426217E-4 1.354906E-9 1.501281E+1 1.000000E-2 1.000000E+1
9.600000E-6 1.441556E-4 1.383894E-9 1.501621E+1 1.000000E-2 1.000000E+1
9.700000E-6 1.456677E-4 1.412977E-9 1.501729E+1 1.000000E-2 1.000000E+1
9.800000E-6 1.471951E-4 1.442512E-9 1.501991E+1 1.000000E-2 1.000000E+1
9.900000E-6 1.486943E-4 1.472074E-9 1.501963E+1 1.000000E-2 1.000000E+1
1.000000E-5 1.502323E-4 1.502323E-9 1.502323E+1 1.000000E-2 1.000000E+1
9.000000E-6 1.350525E-4 1.215472E-9 1.500583E+1 1.000000E-2 1.000000E+1
8.000000E-6 1.199194E-4 9.593551E-10 1.498992E+1 1.000000E-2 1.000000E+1
7.000000E-6 1.047682E-4 7.333774E-10 1.496689E+1 1.000000E-2 1.000000E+1
6.000000E-6 8.961522E-5 5.376913E-10 1.493587E+1 1.000000E-2 1.000000E+1
5.000000E-6 7.446765E-5 3.723383E-10 1.489353E+1 1.000000E-2 1.000000E+1
4.000000E-6 5.934543E-5 2.373817E-10 1.483636E+1 1.000000E-2 1.000000E+1
3.000000E-6 4.418572E-5 1.325571E-10 1.472857E+1 1.000000E-2 1.000000E+1
2.000000E-6 2.905806E-5 5.811612E-11 1.452903E+1 1.000000E-2 1.000000E+1
1.000000E-6 1.387146E-5 1.387146E-11 1.387146E+1 1.000000E-2 1.000000E+1
0.000000E+0 -1.251281E-6 -0.000000E+0 0.000000E+0 1.000000E-2 1.000000E+1
