GPIB1::10::INSTR
List Sweep
Sweep_type: LIST   
Abort_on_compliance: TRUE 

Autorange: yes   
Man/SelectedRange: 100mV   
EnableDigitalFilter: no  
FilterType: Moving   
FilterCount 10.00000   
FilterWindow(Percent): 1.00000E-2   
EnableAnalogFilter: no    
NPLCs: 2.000000

Internal_Temperature_K2128A_[°C]: 34.09  
TCAL_K2128A_[°C]: 30.38











Current Voltage Power Resistance SourceDelay VoltageLimit
A V W Ohm s V

0.000000E+0 -1.153559E-6 -0.000000E+0 0.000000E+0 5.000000E+0 1.000000E+1
0.000000E+0 -1.167520E-6 -0.000000E+0 0.000000E+0 1.000000E+0 1.000000E+1
1.000000E-7 3.381619E-7 3.381619E-14 3.381619E+0 1.000000E-2 1.000000E+1
2.000000E-7 1.846950E-6 3.693900E-13 9.234749E+0 1.000000E-2 1.000000E+1
3.000000E-7 3.365045E-6 1.009513E-12 1.121682E+1 1.000000E-2 1.000000E+1
4.000000E-7 4.865560E-6 1.946224E-12 1.216390E+1 1.000000E-2 1.000000E+1
5.000000E-7 6.364007E-6 3.182003E-12 1.272801E+1 1.000000E-2 1.000000E+1
6.000000E-7 7.877965E-6 4.726779E-12 1.312994E+1 1.000000E-2 1.000000E+1
7.000000E-7 9.402523E-6 6.581766E-12 1.343218E+1 1.000000E-2 1.000000E+1
8.000000E-7 1.090407E-5 8.723258E-12 1.363009E+1 1.000000E-2 1.000000E+1
9.000000E-7 1.240304E-5 1.116273E-11 1.378115E+1 1.000000E-2 1.000000E+1
1.000000E-6 1.391493E-5 1.391493E-11 1.391493E+1 1.000000E-2 1.000000E+1
1.100000E-6 1.542811E-5 1.697092E-11 1.402555E+1 1.000000E-2 1.000000E+1
1.200000E-6 1.692009E-5 2.030411E-11 1.410008E+1 1.000000E-2 1.000000E+1
1.300000E-6 1.843896E-5 2.397065E-11 1.418382E+1 1.000000E-2 1.000000E+1
1.400000E-6 1.997360E-5 2.796305E-11 1.426686E+1 1.000000E-2 1.000000E+1
1.500000E-6 2.146300E-5 3.219450E-11 1.430867E+1 1.000000E-2 1.000000E+1
1.600000E-6 2.298627E-5 3.677803E-11 1.436642E+1 1.000000E-2 1.000000E+1
1.700000E-6 2.447644E-5 4.160995E-11 1.439791E+1 1.000000E-2 1.000000E+1
1.800000E-6 2.598109E-5 4.676597E-11 1.443394E+1 1.000000E-2 1.000000E+1
1.900000E-6 2.752530E-5 5.229807E-11 1.448700E+1 1.000000E-2 1.000000E+1
2.000000E-6 2.901211E-5 5.802422E-11 1.450606E+1 1.000000E-2 1.000000E+1
2.100000E-6 3.052581E-5 6.410421E-11 1.453610E+1 1.000000E-2 1.000000E+1
2.200000E-6 3.202167E-5 7.044768E-11 1.455531E+1 1.000000E-2 1.000000E+1
2.300000E-6 3.354804E-5 7.716050E-11 1.458611E+1 1.000000E-2 1.000000E+1
2.400000E-6 3.504390E-5 8.410537E-11 1.460163E+1 1.000000E-2 1.000000E+1
2.500000E-6 3.655424E-5 9.138560E-11 1.462170E+1 1.000000E-2 1.000000E+1
2.600000E-6 3.804726E-5 9.892287E-11 1.463356E+1 1.000000E-2 1.000000E+1
2.700000E-6 3.957647E-5 1.068565E-10 1.465795E+1 1.000000E-2 1.000000E+1
2.800000E-6 4.107492E-5 1.150098E-10 1.466961E+1 1.000000E-2 1.000000E+1
2.900000E-6 4.260801E-5 1.235632E-10 1.469242E+1 1.000000E-2 1.000000E+1
3.000000E-6 4.409275E-5 1.322783E-10 1.469758E+1 1.000000E-2 1.000000E+1
3.100000E-6 4.561472E-5 1.414056E-10 1.471443E+1 1.000000E-2 1.000000E+1
3.200000E-6 4.711265E-5 1.507605E-10 1.472270E+1 1.000000E-2 1.000000E+1
3.300000E-6 4.862506E-5 1.604627E-10 1.473487E+1 1.000000E-2 1.000000E+1
3.400000E-6 5.013900E-5 1.704726E-10 1.474676E+1 1.000000E-2 1.000000E+1
3.500000E-6 5.161443E-5 1.806505E-10 1.474698E+1 1.000000E-2 1.000000E+1
3.600000E-6 5.317234E-5 1.914204E-10 1.477009E+1 1.000000E-2 1.000000E+1
3.700000E-6 5.466769E-5 2.022704E-10 1.477505E+1 1.000000E-2 1.000000E+1
3.800000E-6 5.616691E-5 2.134342E-10 1.478076E+1 1.000000E-2 1.000000E+1
3.900000E-6 5.768138E-5 2.249574E-10 1.479010E+1 1.000000E-2 1.000000E+1
4.000000E-6 5.918371E-5 2.367348E-10 1.479593E+1 1.000000E-2 1.000000E+1
4.100000E-6 6.071007E-5 2.489113E-10 1.480733E+1 1.000000E-2 1.000000E+1
4.200000E-6 6.219507E-5 2.612193E-10 1.480835E+1 1.000000E-2 1.000000E+1
4.300000E-6 6.369998E-5 2.739099E-10 1.481395E+1 1.000000E-2 1.000000E+1
4.400000E-6 6.524316E-5 2.870699E-10 1.482799E+1 1.000000E-2 1.000000E+1
4.500000E-6 6.672557E-5 3.002651E-10 1.482790E+1 1.000000E-2 1.000000E+1
4.600000E-6 6.824341E-5 3.139197E-10 1.483552E+1 1.000000E-2 1.000000E+1
4.700000E-6 6.974832E-5 3.278171E-10 1.484007E+1 1.000000E-2 1.000000E+1
4.800000E-6 7.127262E-5 3.421086E-10 1.484846E+1 1.000000E-2 1.000000E+1
4.900000E-6 7.276331E-5 3.565402E-10 1.484965E+1 1.000000E-2 1.000000E+1
5.000000E-6 7.427985E-5 3.713992E-10 1.485597E+1 1.000000E-2 1.000000E+1
5.100000E-6 7.579277E-5 3.865431E-10 1.486133E+1 1.000000E-2 1.000000E+1
5.200000E-6 7.729639E-5 4.019412E-10 1.486469E+1 1.000000E-2 1.000000E+1
5.300000E-6 7.879923E-5 4.176359E-10 1.486778E+1 1.000000E-2 1.000000E+1
5.400000E-6 8.030543E-5 4.336493E-10 1.487138E+1 1.000000E-2 1.000000E+1
5.500000E-6 8.181887E-5 4.500038E-10 1.487616E+1 1.000000E-2 1.000000E+1
5.600000E-6 8.331215E-5 4.665480E-10 1.487717E+1 1.000000E-2 1.000000E+1
5.700000E-6 8.483929E-5 4.835839E-10 1.488409E+1 1.000000E-2 1.000000E+1
5.800000E-6 8.632610E-5 5.006914E-10 1.488381E+1 1.000000E-2 1.000000E+1
5.900000E-6 8.786126E-5 5.183814E-10 1.489174E+1 1.000000E-2 1.000000E+1
6.000000E-6 8.936125E-5 5.361675E-10 1.489354E+1 1.000000E-2 1.000000E+1
6.100000E-6 9.085944E-5 5.542426E-10 1.489499E+1 1.000000E-2 1.000000E+1
6.200000E-6 9.236823E-5 5.726830E-10 1.489810E+1 1.000000E-2 1.000000E+1
6.300000E-6 9.389770E-5 5.915555E-10 1.490440E+1 1.000000E-2 1.000000E+1
6.400000E-6 9.540054E-5 6.105634E-10 1.490633E+1 1.000000E-2 1.000000E+1
6.500000E-6 9.689045E-5 6.297879E-10 1.490622E+1 1.000000E-2 1.000000E+1
6.600000E-6 9.840596E-5 6.494793E-10 1.490999E+1 1.000000E-2 1.000000E+1
6.700000E-6 9.992069E-5 6.694687E-10 1.491354E+1 1.000000E-2 1.000000E+1
6.800000E-6 1.014189E-4 6.896484E-10 1.491454E+1 1.000000E-2 1.000000E+1
6.900000E-6 1.029437E-4 7.103115E-10 1.491938E+1 1.000000E-2 1.000000E+1
7.000000E-6 1.044478E-4 7.311348E-10 1.492112E+1 1.000000E-2 1.000000E+1
7.100000E-6 1.059706E-4 7.523911E-10 1.492543E+1 1.000000E-2 1.000000E+1
7.200000E-6 1.074452E-4 7.736057E-10 1.492295E+1 1.000000E-2 1.000000E+1
7.300000E-6 1.089866E-4 7.956022E-10 1.492967E+1 1.000000E-2 1.000000E+1
7.400000E-6 1.104775E-4 8.175339E-10 1.492940E+1 1.000000E-2 1.000000E+1
7.500000E-6 1.119943E-4 8.399576E-10 1.493258E+1 1.000000E-2 1.000000E+1
7.600000E-6 1.135122E-4 8.626926E-10 1.493581E+1 1.000000E-2 1.000000E+1
7.700000E-6 1.150153E-4 8.856177E-10 1.493705E+1 1.000000E-2 1.000000E+1
7.800000E-6 1.165168E-4 9.088313E-10 1.493806E+1 1.000000E-2 1.000000E+1
7.900000E-6 1.180292E-4 9.324310E-10 1.494041E+1 1.000000E-2 1.000000E+1
8.000000E-6 1.195243E-4 9.561946E-10 1.494054E+1 1.000000E-2 1.000000E+1
8.100000E-6 1.210522E-4 9.805232E-10 1.494472E+1 1.000000E-2 1.000000E+1
8.200000E-6 1.225486E-4 1.004899E-9 1.494495E+1 1.000000E-2 1.000000E+1
8.300000E-6 1.240737E-4 1.029812E-9 1.494864E+1 1.000000E-2 1.000000E+1
8.400000E-6 1.255644E-4 1.054741E-9 1.494814E+1 1.000000E-2 1.000000E+1
8.500000E-6 1.270848E-4 1.080221E-9 1.495115E+1 1.000000E-2 1.000000E+1
8.600000E-6 1.285701E-4 1.105703E-9 1.495001E+1 1.000000E-2 1.000000E+1
8.700000E-6 1.300926E-4 1.131805E-9 1.495317E+1 1.000000E-2 1.000000E+1
8.800000E-6 1.315928E-4 1.158017E-9 1.495373E+1 1.000000E-2 1.000000E+1
8.900000E-6 1.331008E-4 1.184597E-9 1.495515E+1 1.000000E-2 1.000000E+1
9.000000E-6 1.346388E-4 1.211749E-9 1.495987E+1 1.000000E-2 1.000000E+1
9.100000E-6 1.361230E-4 1.238720E-9 1.495858E+1 1.000000E-2 1.000000E+1
9.200000E-6 1.376453E-4 1.266337E-9 1.496144E+1 1.000000E-2 1.000000E+1
9.300000E-6 1.391259E-4 1.293871E-9 1.495977E+1 1.000000E-2 1.000000E+1
9.400000E-6 1.406450E-4 1.322063E-9 1.496224E+1 1.000000E-2 1.000000E+1
9.500000E-6 1.421807E-4 1.350717E-9 1.496639E+1 1.000000E-2 1.000000E+1
9.600000E-6 1.436592E-4 1.379129E-9 1.496450E+1 1.000000E-2 1.000000E+1
9.700000E-6 1.451621E-4 1.408072E-9 1.496516E+1 1.000000E-2 1.000000E+1
9.800000E-6 1.466827E-4 1.437491E-9 1.496763E+1 1.000000E-2 1.000000E+1
9.900000E-6 1.481853E-4 1.467035E-9 1.496821E+1 1.000000E-2 1.000000E+1
1.000000E-5 1.497148E-4 1.497148E-9 1.497148E+1 1.000000E-2 1.000000E+1
9.000000E-6 1.345972E-4 1.211375E-9 1.495524E+1 1.000000E-2 1.000000E+1
8.000000E-6 1.195274E-4 9.562194E-10 1.494093E+1 1.000000E-2 1.000000E+1
7.000000E-6 1.044222E-4 7.309557E-10 1.491746E+1 1.000000E-2 1.000000E+1
6.000000E-6 8.934626E-5 5.360776E-10 1.489104E+1 1.000000E-2 1.000000E+1
5.000000E-6 7.425684E-5 3.712842E-10 1.485137E+1 1.000000E-2 1.000000E+1
4.000000E-6 5.917621E-5 2.367048E-10 1.479405E+1 1.000000E-2 1.000000E+1
3.000000E-6 4.409015E-5 1.322704E-10 1.469672E+1 1.000000E-2 1.000000E+1
2.000000E-6 2.902761E-5 5.805522E-11 1.451381E+1 1.000000E-2 1.000000E+1
1.000000E-6 1.389036E-5 1.389036E-11 1.389036E+1 1.000000E-2 1.000000E+1
0.000000E+0 -1.176568E-6 -0.000000E+0 0.000000E+0 1.000000E-2 1.000000E+1
