GPIB1::10::INSTR
List Sweep
Sweep_type: LIST   
Abort_on_compliance: TRUE 

Autorange: yes   
Man/SelectedRange: 100mV   
EnableDigitalFilter: no  
FilterType: Moving   
FilterCount 10.00000   
FilterWindow(Percent): 1.00000E-2   
EnableAnalogFilter: no    
NPLCs: 2.000000

Internal_Temperature_K2128A_[°C]: 33.17  
TCAL_K2128A_[°C]: 30.38











Current Voltage Power Resistance SourceDelay VoltageLimit
A V W Ohm s V

0.000000E+0 -1.491465E-6 -0.000000E+0 0.000000E+0 5.000000E+0 1.000000E+1
0.000000E+0 -1.487588E-6 -0.000000E+0 0.000000E+0 1.000000E+0 1.000000E+1
1.000000E-7 3.826894E-8 3.826894E-15 3.826894E-1 1.000000E-2 1.000000E+1
2.000000E-7 1.496655E-6 2.993309E-13 7.483273E+0 1.000000E-2 1.000000E+1
3.000000E-7 2.998732E-6 8.996197E-13 9.995774E+0 1.000000E-2 1.000000E+1
4.000000E-7 4.498483E-6 1.799393E-12 1.124621E+1 1.000000E-2 1.000000E+1
5.000000E-7 5.984015E-6 2.992007E-12 1.196803E+1 1.000000E-2 1.000000E+1
6.000000E-7 7.476785E-6 4.486071E-12 1.246131E+1 1.000000E-2 1.000000E+1
7.000000E-7 8.979380E-6 6.285566E-12 1.282769E+1 1.000000E-2 1.000000E+1
8.000000E-7 1.047861E-5 8.382891E-12 1.309827E+1 1.000000E-2 1.000000E+1
9.000000E-7 1.195872E-5 1.076284E-11 1.328746E+1 1.000000E-2 1.000000E+1
1.000000E-6 1.345381E-5 1.345381E-11 1.345381E+1 1.000000E-2 1.000000E+1
1.100000E-6 1.494736E-5 1.644210E-11 1.358851E+1 1.000000E-2 1.000000E+1
1.200000E-6 1.643832E-5 1.972598E-11 1.369860E+1 1.000000E-2 1.000000E+1
1.300000E-6 1.793936E-5 2.332117E-11 1.379951E+1 1.000000E-2 1.000000E+1
1.400000E-6 1.942412E-5 2.719377E-11 1.387437E+1 1.000000E-2 1.000000E+1
1.500000E-6 2.092852E-5 3.139279E-11 1.395235E+1 1.000000E-2 1.000000E+1
1.600000E-6 2.240966E-5 3.585546E-11 1.400604E+1 1.000000E-2 1.000000E+1
1.700000E-6 2.392958E-5 4.068028E-11 1.407622E+1 1.000000E-2 1.000000E+1
1.800000E-6 2.537271E-5 4.567087E-11 1.409595E+1 1.000000E-2 1.000000E+1
1.900000E-6 2.691150E-5 5.113185E-11 1.416395E+1 1.000000E-2 1.000000E+1
2.000000E-6 2.840892E-5 5.681784E-11 1.420446E+1 1.000000E-2 1.000000E+1
2.100000E-6 2.989394E-5 6.277727E-11 1.423521E+1 1.000000E-2 1.000000E+1
2.200000E-6 3.136938E-5 6.901265E-11 1.425881E+1 1.000000E-2 1.000000E+1
2.300000E-6 3.287715E-5 7.561744E-11 1.429441E+1 1.000000E-2 1.000000E+1
2.400000E-6 3.437251E-5 8.249401E-11 1.432188E+1 1.000000E-2 1.000000E+1
2.500000E-6 3.586502E-5 8.966254E-11 1.434601E+1 1.000000E-2 1.000000E+1
2.600000E-6 3.733943E-5 9.708252E-11 1.436132E+1 1.000000E-2 1.000000E+1
2.700000E-6 3.885909E-5 1.049195E-10 1.439226E+1 1.000000E-2 1.000000E+1
2.800000E-6 4.035134E-5 1.129838E-10 1.441119E+1 1.000000E-2 1.000000E+1
2.900000E-6 4.183119E-5 1.213104E-10 1.442455E+1 1.000000E-2 1.000000E+1
3.000000E-6 4.330974E-5 1.299292E-10 1.443658E+1 1.000000E-2 1.000000E+1
3.100000E-6 4.482345E-5 1.389527E-10 1.445918E+1 1.000000E-2 1.000000E+1
3.200000E-6 4.630071E-5 1.481623E-10 1.446897E+1 1.000000E-2 1.000000E+1
3.300000E-6 4.780149E-5 1.577449E-10 1.448530E+1 1.000000E-2 1.000000E+1
3.400000E-6 4.930435E-5 1.676348E-10 1.450128E+1 1.000000E-2 1.000000E+1
3.500000E-6 5.078264E-5 1.777392E-10 1.450933E+1 1.000000E-2 1.000000E+1
3.600000E-6 5.227515E-5 1.881905E-10 1.452087E+1 1.000000E-2 1.000000E+1
3.700000E-6 5.376766E-5 1.989403E-10 1.453180E+1 1.000000E-2 1.000000E+1
3.800000E-6 5.527724E-5 2.100535E-10 1.454664E+1 1.000000E-2 1.000000E+1
3.900000E-6 5.675758E-5 2.213546E-10 1.455323E+1 1.000000E-2 1.000000E+1
4.000000E-6 5.825061E-5 2.330024E-10 1.456265E+1 1.000000E-2 1.000000E+1
4.100000E-6 5.973717E-5 2.449224E-10 1.457004E+1 1.000000E-2 1.000000E+1
4.200000E-6 6.124416E-5 2.572255E-10 1.458194E+1 1.000000E-2 1.000000E+1
4.300000E-6 6.271418E-5 2.696710E-10 1.458469E+1 1.000000E-2 1.000000E+1
4.400000E-6 6.421522E-5 2.825470E-10 1.459437E+1 1.000000E-2 1.000000E+1
4.500000E-6 6.569222E-5 2.956150E-10 1.459827E+1 1.000000E-2 1.000000E+1
4.600000E-6 6.720464E-5 3.091413E-10 1.460970E+1 1.000000E-2 1.000000E+1
4.700000E-6 6.870517E-5 3.229143E-10 1.461812E+1 1.000000E-2 1.000000E+1
4.800000E-6 7.019380E-5 3.369302E-10 1.462371E+1 1.000000E-2 1.000000E+1
4.900000E-6 7.166278E-5 3.511476E-10 1.462506E+1 1.000000E-2 1.000000E+1
5.000000E-6 7.317727E-5 3.658863E-10 1.463545E+1 1.000000E-2 1.000000E+1
5.100000E-6 7.466306E-5 3.807816E-10 1.463982E+1 1.000000E-2 1.000000E+1
5.200000E-6 7.614497E-5 3.959538E-10 1.464326E+1 1.000000E-2 1.000000E+1
5.300000E-6 7.763128E-5 4.114458E-10 1.464741E+1 1.000000E-2 1.000000E+1
5.400000E-6 7.913982E-5 4.273550E-10 1.465552E+1 1.000000E-2 1.000000E+1
5.500000E-6 8.063181E-5 4.434750E-10 1.466033E+1 1.000000E-2 1.000000E+1
5.600000E-6 8.213518E-5 4.599570E-10 1.466700E+1 1.000000E-2 1.000000E+1
5.700000E-6 8.362511E-5 4.766631E-10 1.467107E+1 1.000000E-2 1.000000E+1
5.800000E-6 8.510909E-5 4.936327E-10 1.467398E+1 1.000000E-2 1.000000E+1
5.900000E-6 8.660599E-5 5.109753E-10 1.467898E+1 1.000000E-2 1.000000E+1
6.000000E-6 8.809643E-5 5.285786E-10 1.468274E+1 1.000000E-2 1.000000E+1
6.100000E-6 8.959593E-5 5.465351E-10 1.468786E+1 1.000000E-2 1.000000E+1
6.200000E-6 9.108197E-5 5.647082E-10 1.469064E+1 1.000000E-2 1.000000E+1
6.300000E-6 9.257009E-5 5.831916E-10 1.469367E+1 1.000000E-2 1.000000E+1
6.400000E-6 9.407889E-5 6.021049E-10 1.469983E+1 1.000000E-2 1.000000E+1
6.500000E-6 9.556752E-5 6.211889E-10 1.470270E+1 1.000000E-2 1.000000E+1
6.600000E-6 9.705202E-5 6.405433E-10 1.470485E+1 1.000000E-2 1.000000E+1
6.700000E-6 9.855280E-5 6.603038E-10 1.470937E+1 1.000000E-2 1.000000E+1
6.800000E-6 1.000536E-4 6.803644E-10 1.471376E+1 1.000000E-2 1.000000E+1
6.900000E-6 1.015541E-4 7.007234E-10 1.471799E+1 1.000000E-2 1.000000E+1
7.000000E-6 1.030190E-4 7.211327E-10 1.471699E+1 1.000000E-2 1.000000E+1
7.100000E-6 1.045365E-4 7.422095E-10 1.472346E+1 1.000000E-2 1.000000E+1
7.200000E-6 1.060516E-4 7.635712E-10 1.472938E+1 1.000000E-2 1.000000E+1
7.300000E-6 1.075203E-4 7.848980E-10 1.472881E+1 1.000000E-2 1.000000E+1
7.400000E-6 1.090195E-4 8.067444E-10 1.473237E+1 1.000000E-2 1.000000E+1
7.500000E-6 1.105009E-4 8.287568E-10 1.473345E+1 1.000000E-2 1.000000E+1
7.600000E-6 1.119792E-4 8.510419E-10 1.473410E+1 1.000000E-2 1.000000E+1
7.700000E-6 1.134761E-4 8.737660E-10 1.473716E+1 1.000000E-2 1.000000E+1
7.800000E-6 1.149575E-4 8.966685E-10 1.473814E+1 1.000000E-2 1.000000E+1
7.900000E-6 1.164640E-4 9.200653E-10 1.474227E+1 1.000000E-2 1.000000E+1
8.000000E-6 1.179710E-4 9.437677E-10 1.474637E+1 1.000000E-2 1.000000E+1
8.100000E-6 1.194622E-4 9.676436E-10 1.474842E+1 1.000000E-2 1.000000E+1
8.200000E-6 1.209281E-4 9.916101E-10 1.474732E+1 1.000000E-2 1.000000E+1
8.300000E-6 1.224322E-4 1.016187E-9 1.475087E+1 1.000000E-2 1.000000E+1
8.400000E-6 1.239206E-4 1.040933E-9 1.475245E+1 1.000000E-2 1.000000E+1
8.500000E-6 1.254268E-4 1.066128E-9 1.475609E+1 1.000000E-2 1.000000E+1
8.600000E-6 1.269317E-4 1.091613E-9 1.475950E+1 1.000000E-2 1.000000E+1
8.700000E-6 1.284240E-4 1.117288E-9 1.476138E+1 1.000000E-2 1.000000E+1
8.800000E-6 1.298960E-4 1.143085E-9 1.476091E+1 1.000000E-2 1.000000E+1
8.900000E-6 1.314030E-4 1.169487E-9 1.476439E+1 1.000000E-2 1.000000E+1
9.000000E-6 1.329036E-4 1.196132E-9 1.476706E+1 1.000000E-2 1.000000E+1
9.100000E-6 1.343914E-4 1.222962E-9 1.476829E+1 1.000000E-2 1.000000E+1
9.200000E-6 1.358865E-4 1.250156E-9 1.477027E+1 1.000000E-2 1.000000E+1
9.300000E-6 1.373687E-4 1.277529E-9 1.477083E+1 1.000000E-2 1.000000E+1
9.400000E-6 1.388622E-4 1.305305E-9 1.477258E+1 1.000000E-2 1.000000E+1
9.500000E-6 1.403392E-4 1.333223E-9 1.477255E+1 1.000000E-2 1.000000E+1
9.600000E-6 1.418429E-4 1.361691E-9 1.477530E+1 1.000000E-2 1.000000E+1
9.700000E-6 1.433511E-4 1.390506E-9 1.477847E+1 1.000000E-2 1.000000E+1
9.800000E-6 1.448364E-4 1.419397E-9 1.477923E+1 1.000000E-2 1.000000E+1
9.900000E-6 1.463031E-4 1.448400E-9 1.477809E+1 1.000000E-2 1.000000E+1
1.000000E-5 1.478279E-4 1.478279E-9 1.478279E+1 1.000000E-2 1.000000E+1
9.000000E-6 1.329023E-4 1.196120E-9 1.476692E+1 1.000000E-2 1.000000E+1
8.000000E-6 1.179663E-4 9.437304E-10 1.474579E+1 1.000000E-2 1.000000E+1
7.000000E-6 1.030492E-4 7.213445E-10 1.472132E+1 1.000000E-2 1.000000E+1
6.000000E-6 8.813108E-5 5.287865E-10 1.468851E+1 1.000000E-2 1.000000E+1
5.000000E-6 7.319226E-5 3.659613E-10 1.463845E+1 1.000000E-2 1.000000E+1
4.000000E-6 5.829197E-5 2.331679E-10 1.457299E+1 1.000000E-2 1.000000E+1
3.000000E-6 4.336763E-5 1.301029E-10 1.445588E+1 1.000000E-2 1.000000E+1
2.000000E-6 2.846398E-5 5.692796E-11 1.423199E+1 1.000000E-2 1.000000E+1
1.000000E-6 1.352723E-5 1.352723E-11 1.352723E+1 1.000000E-2 1.000000E+1
0.000000E+0 -1.381848E-6 -0.000000E+0 0.000000E+0 1.000000E-2 1.000000E+1
