GPIB1::10::INSTR
List Sweep
Sweep_type: LIST   
Abort_on_compliance: TRUE 

Autorange: yes   
Man/SelectedRange: 100mV   
EnableDigitalFilter: no  
FilterType: Moving   
FilterCount 10.00000   
FilterWindow(Percent): 1.00000E-2   
EnableAnalogFilter: no    
NPLCs: 2.000000

Internal_Temperature_K2128A_[°C]: 34.12  
TCAL_K2128A_[°C]: 30.38











Current Voltage Power Resistance SourceDelay VoltageLimit
A V W Ohm s V

0.000000E+0 -1.622801E-6 -0.000000E+0 0.000000E+0 5.000000E+0 1.000000E+1
0.000000E+0 -1.576782E-6 -0.000000E+0 0.000000E+0 1.000000E+0 1.000000E+1
1.000000E-7 -8.091468E-8 -8.091468E-15 -8.091468E-1 1.000000E-2 1.000000E+1
2.000000E-7 1.392984E-6 2.785967E-13 6.964919E+0 1.000000E-2 1.000000E+1
3.000000E-7 2.890667E-6 8.672002E-13 9.635557E+0 1.000000E-2 1.000000E+1
4.000000E-7 4.357844E-6 1.743137E-12 1.089461E+1 1.000000E-2 1.000000E+1
5.000000E-7 5.873107E-6 2.936554E-12 1.174621E+1 1.000000E-2 1.000000E+1
6.000000E-7 7.359932E-6 4.415959E-12 1.226655E+1 1.000000E-2 1.000000E+1
7.000000E-7 8.856582E-6 6.199607E-12 1.265226E+1 1.000000E-2 1.000000E+1
8.000000E-7 1.035659E-5 8.285274E-12 1.294574E+1 1.000000E-2 1.000000E+1
9.000000E-7 1.183592E-5 1.065233E-11 1.315102E+1 1.000000E-2 1.000000E+1
1.000000E-6 1.334420E-5 1.334420E-11 1.334420E+1 1.000000E-2 1.000000E+1
1.100000E-6 1.483568E-5 1.631925E-11 1.348698E+1 1.000000E-2 1.000000E+1
1.200000E-6 1.634784E-5 1.961741E-11 1.362320E+1 1.000000E-2 1.000000E+1
1.300000E-6 1.780959E-5 2.315247E-11 1.369968E+1 1.000000E-2 1.000000E+1
1.400000E-6 1.930598E-5 2.702837E-11 1.378999E+1 1.000000E-2 1.000000E+1
1.500000E-6 2.081297E-5 3.121946E-11 1.387531E+1 1.000000E-2 1.000000E+1
1.600000E-6 2.229928E-5 3.567885E-11 1.393705E+1 1.000000E-2 1.000000E+1
1.700000E-6 2.379386E-5 4.044956E-11 1.399639E+1 1.000000E-2 1.000000E+1
1.800000E-6 2.527500E-5 4.549500E-11 1.404167E+1 1.000000E-2 1.000000E+1
1.900000E-6 2.678612E-5 5.089364E-11 1.409796E+1 1.000000E-2 1.000000E+1
2.000000E-6 2.829156E-5 5.658313E-11 1.414578E+1 1.000000E-2 1.000000E+1
2.100000E-6 2.977554E-5 6.252864E-11 1.417883E+1 1.000000E-2 1.000000E+1
2.200000E-6 3.126961E-5 6.879314E-11 1.421346E+1 1.000000E-2 1.000000E+1
2.300000E-6 3.277893E-5 7.539153E-11 1.425171E+1 1.000000E-2 1.000000E+1
2.400000E-6 3.425386E-5 8.220926E-11 1.427244E+1 1.000000E-2 1.000000E+1
2.500000E-6 3.574430E-5 8.936076E-11 1.429772E+1 1.000000E-2 1.000000E+1
2.600000E-6 3.724586E-5 9.683925E-11 1.432533E+1 1.000000E-2 1.000000E+1
2.700000E-6 3.874200E-5 1.046034E-10 1.434889E+1 1.000000E-2 1.000000E+1
2.800000E-6 4.022210E-5 1.126219E-10 1.436504E+1 1.000000E-2 1.000000E+1
2.900000E-6 4.171384E-5 1.209701E-10 1.438408E+1 1.000000E-2 1.000000E+1
3.000000E-6 4.322651E-5 1.296795E-10 1.440884E+1 1.000000E-2 1.000000E+1
3.100000E-6 4.472497E-5 1.386474E-10 1.442741E+1 1.000000E-2 1.000000E+1
3.200000E-6 4.622421E-5 1.479175E-10 1.444506E+1 1.000000E-2 1.000000E+1
3.300000E-6 4.770276E-5 1.574191E-10 1.445538E+1 1.000000E-2 1.000000E+1
3.400000E-6 4.919450E-5 1.672613E-10 1.446897E+1 1.000000E-2 1.000000E+1
3.500000E-6 5.069089E-5 1.774181E-10 1.448311E+1 1.000000E-2 1.000000E+1
3.600000E-6 5.218133E-5 1.878528E-10 1.449481E+1 1.000000E-2 1.000000E+1
3.700000E-6 5.368548E-5 1.986363E-10 1.450959E+1 1.000000E-2 1.000000E+1
3.800000E-6 5.516429E-5 2.096243E-10 1.451692E+1 1.000000E-2 1.000000E+1
3.900000E-6 5.665087E-5 2.209384E-10 1.452586E+1 1.000000E-2 1.000000E+1
4.000000E-6 5.815760E-5 2.326304E-10 1.453940E+1 1.000000E-2 1.000000E+1
4.100000E-6 5.964494E-5 2.445443E-10 1.454755E+1 1.000000E-2 1.000000E+1
4.200000E-6 6.115297E-5 2.568425E-10 1.456023E+1 1.000000E-2 1.000000E+1
4.300000E-6 6.263772E-5 2.693422E-10 1.456691E+1 1.000000E-2 1.000000E+1
4.400000E-6 6.413515E-5 2.821947E-10 1.457617E+1 1.000000E-2 1.000000E+1
4.500000E-6 6.560207E-5 2.952093E-10 1.457824E+1 1.000000E-2 1.000000E+1
4.600000E-6 6.709587E-5 3.086410E-10 1.458606E+1 1.000000E-2 1.000000E+1
4.700000E-6 6.862044E-5 3.225161E-10 1.460009E+1 1.000000E-2 1.000000E+1
4.800000E-6 7.009279E-5 3.364454E-10 1.460266E+1 1.000000E-2 1.000000E+1
4.900000E-6 7.160108E-5 3.508453E-10 1.461246E+1 1.000000E-2 1.000000E+1
5.000000E-6 7.308842E-5 3.654421E-10 1.461768E+1 1.000000E-2 1.000000E+1
5.100000E-6 7.456981E-5 3.803060E-10 1.462153E+1 1.000000E-2 1.000000E+1
5.200000E-6 7.606982E-5 3.955631E-10 1.462881E+1 1.000000E-2 1.000000E+1
5.300000E-6 7.757423E-5 4.111434E-10 1.463665E+1 1.000000E-2 1.000000E+1
5.400000E-6 7.905123E-5 4.268766E-10 1.463912E+1 1.000000E-2 1.000000E+1
5.500000E-6 8.055279E-5 4.430404E-10 1.464596E+1 1.000000E-2 1.000000E+1
5.600000E-6 8.204246E-5 4.594378E-10 1.465044E+1 1.000000E-2 1.000000E+1
5.700000E-6 8.353523E-5 4.761508E-10 1.465530E+1 1.000000E-2 1.000000E+1
5.800000E-6 8.501663E-5 4.930964E-10 1.465804E+1 1.000000E-2 1.000000E+1
5.900000E-6 8.650526E-5 5.103810E-10 1.466191E+1 1.000000E-2 1.000000E+1
6.000000E-6 8.801148E-5 5.280689E-10 1.466858E+1 1.000000E-2 1.000000E+1
6.100000E-6 8.951330E-5 5.460311E-10 1.467431E+1 1.000000E-2 1.000000E+1
6.200000E-6 9.097117E-5 5.640212E-10 1.467277E+1 1.000000E-2 1.000000E+1
6.300000E-6 9.246782E-5 5.825472E-10 1.467743E+1 1.000000E-2 1.000000E+1
6.400000E-6 9.398411E-5 6.014983E-10 1.468502E+1 1.000000E-2 1.000000E+1
6.500000E-6 9.548929E-5 6.206804E-10 1.469066E+1 1.000000E-2 1.000000E+1
6.600000E-6 9.694406E-5 6.398308E-10 1.468849E+1 1.000000E-2 1.000000E+1
6.700000E-6 9.845803E-5 6.596688E-10 1.469523E+1 1.000000E-2 1.000000E+1
6.800000E-6 9.994331E-5 6.796145E-10 1.469755E+1 1.000000E-2 1.000000E+1
6.900000E-6 1.014516E-4 7.000160E-10 1.470313E+1 1.000000E-2 1.000000E+1
7.000000E-6 1.029296E-4 7.205074E-10 1.470423E+1 1.000000E-2 1.000000E+1
7.100000E-6 1.044345E-4 7.414853E-10 1.470909E+1 1.000000E-2 1.000000E+1
7.200000E-6 1.059066E-4 7.625278E-10 1.470925E+1 1.000000E-2 1.000000E+1
7.300000E-6 1.074095E-4 7.840893E-10 1.471363E+1 1.000000E-2 1.000000E+1
7.400000E-6 1.089090E-4 8.059265E-10 1.471743E+1 1.000000E-2 1.000000E+1
7.500000E-6 1.103930E-4 8.279472E-10 1.471906E+1 1.000000E-2 1.000000E+1
7.600000E-6 1.118795E-4 8.502844E-10 1.472099E+1 1.000000E-2 1.000000E+1
7.700000E-6 1.133930E-4 8.731260E-10 1.472636E+1 1.000000E-2 1.000000E+1
7.800000E-6 1.148563E-4 8.958790E-10 1.472516E+1 1.000000E-2 1.000000E+1
7.900000E-6 1.163638E-4 9.192739E-10 1.472959E+1 1.000000E-2 1.000000E+1
8.000000E-6 1.178501E-4 9.428008E-10 1.473126E+1 1.000000E-2 1.000000E+1
8.100000E-6 1.193566E-4 9.667882E-10 1.473538E+1 1.000000E-2 1.000000E+1
8.200000E-6 1.208292E-4 9.907993E-10 1.473527E+1 1.000000E-2 1.000000E+1
8.300000E-6 1.223344E-4 1.015375E-9 1.473908E+1 1.000000E-2 1.000000E+1
8.400000E-6 1.238108E-4 1.040011E-9 1.473939E+1 1.000000E-2 1.000000E+1
8.500000E-6 1.253227E-4 1.065243E-9 1.474385E+1 1.000000E-2 1.000000E+1
8.600000E-6 1.268158E-4 1.090616E-9 1.474602E+1 1.000000E-2 1.000000E+1
8.700000E-6 1.283129E-4 1.116323E-9 1.474861E+1 1.000000E-2 1.000000E+1
8.800000E-6 1.297796E-4 1.142060E-9 1.474768E+1 1.000000E-2 1.000000E+1
8.900000E-6 1.312768E-4 1.168363E-9 1.475020E+1 1.000000E-2 1.000000E+1
9.000000E-6 1.327905E-4 1.195114E-9 1.475450E+1 1.000000E-2 1.000000E+1
9.100000E-6 1.342845E-4 1.221989E-9 1.475654E+1 1.000000E-2 1.000000E+1
9.200000E-6 1.357708E-4 1.249092E-9 1.475770E+1 1.000000E-2 1.000000E+1
9.300000E-6 1.372378E-4 1.276311E-9 1.475675E+1 1.000000E-2 1.000000E+1
9.400000E-6 1.387504E-4 1.304254E-9 1.476069E+1 1.000000E-2 1.000000E+1
9.500000E-6 1.402396E-4 1.332276E-9 1.476206E+1 1.000000E-2 1.000000E+1
9.600000E-6 1.417086E-4 1.360402E-9 1.476131E+1 1.000000E-2 1.000000E+1
9.700000E-6 1.432189E-4 1.389224E-9 1.476484E+1 1.000000E-2 1.000000E+1
9.800000E-6 1.447068E-4 1.418127E-9 1.476600E+1 1.000000E-2 1.000000E+1
9.900000E-6 1.462063E-4 1.447442E-9 1.476831E+1 1.000000E-2 1.000000E+1
1.000000E-5 1.477029E-4 1.477029E-9 1.477029E+1 1.000000E-2 1.000000E+1
9.000000E-6 1.327786E-4 1.195007E-9 1.475318E+1 1.000000E-2 1.000000E+1
8.000000E-6 1.178566E-4 9.428525E-10 1.473207E+1 1.000000E-2 1.000000E+1
7.000000E-6 1.029436E-4 7.206051E-10 1.470623E+1 1.000000E-2 1.000000E+1
6.000000E-6 8.805103E-5 5.283062E-10 1.467517E+1 1.000000E-2 1.000000E+1
5.000000E-6 7.311582E-5 3.655791E-10 1.462316E+1 1.000000E-2 1.000000E+1
4.000000E-6 5.823077E-5 2.329231E-10 1.455769E+1 1.000000E-2 1.000000E+1
3.000000E-6 4.330228E-5 1.299068E-10 1.443409E+1 1.000000E-2 1.000000E+1
2.000000E-6 2.839834E-5 5.679669E-11 1.419917E+1 1.000000E-2 1.000000E+1
1.000000E-6 1.346675E-5 1.346675E-11 1.346675E+1 1.000000E-2 1.000000E+1
0.000000E+0 -1.419337E-6 -0.000000E+0 0.000000E+0 1.000000E-2 1.000000E+1
